Extracting MNIST_data/train-images-idx3-ubyte.gz
Extracting MNIST_data/train-labels-idx1-ubyte.gz
Extracting MNIST_data/t10k-images-idx3-ubyte.gz
Extracting MNIST_data/t10k-labels-idx1-ubyte.gz
Epoch: 0001 cost: [0.2880456  0.28524965 0.28916157 0.28333196 0.28434795 0.29213186
 0.2932333 ]
Epoch: 0002 cost: [0.08868036 0.09028814 0.08765165 0.08596913 0.08623757 0.08864898
 0.09300597]
Epoch: 0003 cost: [0.06798546 0.06928879 0.06494467 0.06428626 0.06858306 0.06943427
 0.07196009]
Epoch: 0004 cost: [0.05498661 0.05722857 0.05567418 0.05566816 0.05551084 0.05770868
 0.05871204]
Epoch: 0005 cost: [0.04863374 0.05055185 0.04844002 0.04846693 0.04951808 0.04776784
 0.0510394 ]
Epoch: 0006 cost: [0.0442302  0.04458055 0.0439638  0.04402538 0.04398447 0.04575142
 0.04625088]
Epoch: 0007 cost: [0.04081394 0.04172267 0.04016314 0.04096588 0.04022118 0.04178998
 0.04249932]
Epoch: 0008 cost: [0.03795308 0.03889969 0.03765072 0.0376504  0.03763518 0.03765853
 0.03941201]
Epoch: 0009 cost: [0.03513336 0.03433238 0.03323047 0.03364317 0.03579053 0.03598475
 0.03653329]
Epoch: 0010 cost: [0.03280472 0.03380953 0.0334091  0.03139669 0.03432773 0.03371993
 0.03411967]
Epoch: 0011 cost: [0.03111358 0.03180922 0.03118216 0.03023238 0.03173609 0.03084247
 0.03327261]
Epoch: 0012 cost: [0.02961825 0.0332853  0.02951514 0.02942438 0.02730018 0.03105482
 0.0320136 ]
Epoch: 0013 cost: [0.0276554  0.02785172 0.02920538 0.03043265 0.0274301  0.03028906
 0.02919497]
Epoch: 0014 cost: [0.02893479 0.02730294 0.02703263 0.0261536  0.02821472 0.02754243
 0.03008121]
Epoch: 0015 cost: [0.0258837  0.02757324 0.02736254 0.02474085 0.02705493 0.02526089
 0.02749311]
Epoch: 0016 cost: [0.02474701 0.02803917 0.02478479 0.02451449 0.02453914 0.02512824
 0.02407071]
Epoch: 0017 cost: [0.02433464 0.02530456 0.02570664 0.02408114 0.02528551 0.02435444
 0.02680021]
Epoch: 0018 cost: [0.02277834 0.0246937  0.02466439 0.02468758 0.02344121 0.02412384
 0.02487606]
Epoch: 0019 cost: [0.02362798 0.0241912  0.02426716 0.02217913 0.02467454 0.02398366
 0.02340935]
Epoch: 0020 cost: [0.02248844 0.02369278 0.02136792 0.02119332 0.02045573 0.02294197
 0.02416032]
0  : Accuracy :  [100. 100. 100. 100. 100. 100. 100.]
1  : Accuracy :  [100. 100. 100. 100. 100. 100. 100.]
2  : Accuracy :  [100. 100.  99.  99.  99.  99. 100.]
3  : Accuracy :  [ 99.  99.  99.  99.  99. 100.  99.]
4  : Accuracy :  [ 99.  99. 100. 100. 100.  99. 100.]
5  : Accuracy :  [100. 100. 100. 100. 100. 100. 100.]
6  : Accuracy :  [99. 99. 99. 99. 99. 99. 99.]
7  : Accuracy :  [98. 97. 97. 97. 98. 99. 99.]
8  : Accuracy :  [100.  99. 100. 100. 100. 100.  99.]
9  : Accuracy :  [ 99. 100. 100.  98.  99. 100.  98.]
10  : Accuracy :  [ 99. 100. 100. 100. 100. 100.  99.]
11  : Accuracy :  [100. 100. 100. 100. 100. 100. 100.]
12  : Accuracy :  [ 99.  99.  99.  99.  99.  99. 100.]
13  : Accuracy :  [ 99.  99.  99. 100. 100.  99.  99.]
14  : Accuracy :  [ 99. 100. 100. 100. 100.  99.  99.]
15  : Accuracy :  [98. 98. 98. 98. 99. 99. 98.]
16  : Accuracy :  [100. 100. 100. 100. 100. 100. 100.]
17  : Accuracy :  [ 99. 100. 100.  99. 100.  99. 100.]
18  : Accuracy :  [100.  99. 100.  99. 100.  99. 100.]
19  : Accuracy :  [100. 100. 100.  99. 100. 100. 100.]
20  : Accuracy :  [ 99.  99.  99. 100.  99. 100. 100.]
21  : Accuracy :  [ 99. 100.  99. 100. 100.  99. 100.]
22  : Accuracy :  [ 99.  99.  99.  99.  98. 100. 100.]
23  : Accuracy :  [100. 100. 100. 100. 100. 100. 100.]
24  : Accuracy :  [100. 100. 100. 100. 100. 100. 100.]
25  : Accuracy :  [100. 100. 100. 100. 100. 100. 100.]
26  : Accuracy :  [ 98.  99.  99.  99.  98. 100. 100.]
27  : Accuracy :  [100.  99. 100.  99. 100.  99.  98.]
28  : Accuracy :  [100. 100. 100.  99. 100. 100. 100.]
29  : Accuracy :  [100. 100. 100. 100. 100.  99. 100.]
30  : Accuracy :  [ 99.  99.  99.  99. 100.  99.  99.]
31  : Accuracy :  [100. 100. 100. 100. 100. 100. 100.]
32  : Accuracy :  [99. 98. 97. 99. 98. 96. 98.]
33  : Accuracy :  [ 98.  99.  98.  97. 100. 100.  99.]
34  : Accuracy :  [100. 100. 100. 100. 100. 100. 100.]
35  : Accuracy :  [100. 100. 100. 100. 100. 100. 100.]
36  : Accuracy :  [99. 99. 98. 99. 99. 99. 99.]
37  : Accuracy :  [100. 100. 100. 100. 100. 100. 100.]
38  : Accuracy :  [99. 99. 98. 97. 99. 98. 98.]
39  : Accuracy :  [ 98.  98.  99.  98.  99. 100.  98.]
40  : Accuracy :  [100. 100. 100.  99. 100. 100.  99.]
41  : Accuracy :  [100. 100. 100. 100. 100. 100. 100.]
42  : Accuracy :  [100. 100. 100. 100. 100. 100.  99.]
43  : Accuracy :  [ 99.  99.  99. 100. 100.  99. 100.]
44  : Accuracy :  [100. 100. 100. 100. 100. 100. 100.]
45  : Accuracy :  [100. 100. 100. 100. 100. 100. 100.]
46  : Accuracy :  [ 99.  99.  99.  99.  99.  99. 100.]
47  : Accuracy :  [100. 100. 100. 100. 100. 100.  99.]
48  : Accuracy :  [100.  99. 100. 100. 100. 100. 100.]
49  : Accuracy :  [100. 100. 100. 100. 100. 100. 100.]
50  : Accuracy :  [100. 100. 100. 100. 100.  99.  99.]
51  : Accuracy :  [100.  99.  99. 100. 100. 100. 100.]
52  : Accuracy :  [100.  99. 100. 100. 100. 100.  98.]
53  : Accuracy :  [99. 99. 99. 99. 98. 99. 97.]
54  : Accuracy :  [100. 100. 100. 100. 100. 100. 100.]
55  : Accuracy :  [ 98.  99.  98.  99.  98. 100.  99.]
56  : Accuracy :  [ 99.  97.  97. 100.  98.  98.  99.]
57  : Accuracy :  [100. 100. 100. 100. 100. 100. 100.]
58  : Accuracy :  [100. 100. 100. 100. 100. 100. 100.]
59  : Accuracy :  [100.  99. 100.  99. 100. 100. 100.]
60  : Accuracy :  [ 99.  99.  99.  99. 100.  99.  99.]
61  : Accuracy :  [100. 100. 100. 100. 100. 100. 100.]
62  : Accuracy :  [100. 100. 100. 100. 100.  99.  99.]
63  : Accuracy :  [ 98.  99.  99.  97. 100. 100.  99.]
64  : Accuracy :  [100. 100.  99. 100. 100. 100. 100.]
65  : Accuracy :  [ 99.  99. 100. 100. 100. 100.  99.]
66  : Accuracy :  [100. 100. 100. 100. 100. 100. 100.]
67  : Accuracy :  [100. 100. 100.  98. 100.  99. 100.]
68  : Accuracy :  [100. 100. 100. 100. 100. 100. 100.]
69  : Accuracy :  [98. 98. 99. 99. 99. 99. 99.]
70  : Accuracy :  [99. 99. 99. 99. 99. 99. 99.]
71  : Accuracy :  [100. 100. 100. 100. 100. 100. 100.]
72  : Accuracy :  [100.  99.  98.  99.  98.  98.  99.]
73  : Accuracy :  [99. 99. 99. 99. 99. 99. 99.]
74  : Accuracy :  [99. 99. 97. 99. 98. 99. 99.]
75  : Accuracy :  [100. 100. 100. 100. 100. 100. 100.]
76  : Accuracy :  [100. 100. 100. 100. 100. 100. 100.]
77  : Accuracy :  [99. 99. 99. 99. 99. 99. 99.]
78  : Accuracy :  [100.  99.  99.  99.  99.  99. 100.]
79  : Accuracy :  [100. 100. 100. 100. 100. 100. 100.]
80  : Accuracy :  [100. 100.  99. 100. 100. 100. 100.]
81  : Accuracy :  [100. 100. 100.  99. 100. 100. 100.]
82  : Accuracy :  [99. 99. 99. 99. 99. 99. 99.]
83  : Accuracy :  [ 98.  99.  99.  99. 100.  99.  99.]
84  : Accuracy :  [ 99. 100. 100. 100.  99.  99. 100.]
85  : Accuracy :  [100. 100. 100.  99. 100. 100. 100.]
86  : Accuracy :  [100. 100.  99.  99. 100. 100.  99.]
87  : Accuracy :  [98. 98. 98. 98. 98. 98. 98.]
88  : Accuracy :  [100.  99.  98.  99.  99.  99. 100.]
89  : Accuracy :  [95. 97. 96. 95. 98. 98. 99.]
90  : Accuracy :  [100. 100. 100. 100. 100. 100. 100.]
91  : Accuracy :  [100. 100. 100. 100. 100.  99. 100.]
92  : Accuracy :  [100. 100.  99. 100. 100. 100. 100.]
93  : Accuracy :  [ 99. 100.  99.  99.  99.  99.  99.]
94  : Accuracy :  [100. 100. 100. 100. 100. 100.  99.]
95  : Accuracy :  [100. 100. 100. 100. 100. 100. 100.]
96  : Accuracy :  [99. 99. 99. 99. 99. 99. 99.]
97  : Accuracy :  [99. 99. 99. 99. 99. 99. 99.]
98  : Accuracy :  [ 98.  99.  99. 100.  98.  98.  98.]
99  : Accuracy :  [ 99. 100.  99.  99. 100.  99. 100.]
Ensemble accuracy: 0.9952
elapsed time :  1226.899389743805

Process finished with exit code 0
